-0.758679
-0.684262
-0.818114
-0.819686
-0.830511
-0.667563
-0.576385
-0.842416
-0.542240
-0.877477
-0.719970
-0.792045
-0.638988
-0.827369
-0.703430
-0.673075
-0.781049
-0.566808
-0.728096
-0.671624
-0.753878
-0.644907
-0.617790
-0.784107
-0.603180
-0.594134
-0.592243
-0.707768
-0.786132
-0.757589
-0.727978
-0.824158
-0.636380
-0.673242
-0.682965
-0.681090
-0.660168
-0.650591
-0.641632
-0.640582
-0.676934
-0.685587
-0.615925
-0.658775
-0.592625
-0.633270
-0.656500
-0.713662
-0.504052
-0.775629
-0.804682
-0.637936
-0.624022
-0.750999
-0.798710
-0.762677
-0.636256
-0.646897
-0.707272
-0.548052
-0.627023
-0.635728
-0.615625
-0.672045
-0.701202
-0.657714
-0.671778
-0.624779
-0.697340
-0.615576
-0.721139
-0.663722
-0.712490
-0.675103
-0.616542
-0.672949
-0.685720
-0.693305
-0.564754
-0.506508
-0.578146
-0.685182
-0.712324
-0.677435
-0.497784
-0.726641
-0.764588
-0.749974
-0.727299
-0.519109
-0.762378
-0.763401
-0.676595
-0.649407
-0.469307
-0.577241
-0.597420
-0.796028
-0.587861
-0.607753
-0.637779
-0.597966
-0.602540
-0.597616
-0.495321
-0.693499
-0.587452
-0.685310
-0.600731
