-0.637843
-0.707839
-0.791971
-0.663787
-0.537496
-0.660008
-0.778464
-0.693148
-0.666341
-0.643909
-0.725574
-0.673864
-0.653853
-0.674344
-0.778073
-0.750340
-0.693741
-0.711096
-0.714125
-0.714694
-0.718311
-0.787864
-0.743864
-0.534836
-0.746412
-0.672297
-0.654841
-0.718871
-0.619377
-0.701160
-0.725116
-0.733107
-0.734061
-0.690757
-0.744528
-0.762036
-0.706964
-0.677230
-0.768896
-0.717035
-0.797008
-0.716539
-0.698918
-0.687430
-0.725975
-0.669258
-0.702227
-0.672545
-0.712190
-0.697521
-0.626487
-0.641173
-0.673176
-0.659950
