580.0000000000
676.0000000000
604.0000000000
338.0000000000
542.0000000000
494.0000000000
582.0000000000
444.0000000000
456.0000000000
608.0000000000
400.0000000000
628.0000000000
700.0000000000
554.0000000000
696.0000000000
398.0000000000
680.0000000000
656.0000000000
504.0000000000
632.0000000000
364.0000000000
422.0000000000
696.0000000000
686.0000000000
662.0000000000
520.0000000000
428.0000000000
660.0000000000
573.0000000000
582.0000000000
695.0000000000
388.0000000000
435.0000000000
606.0000000000
655.0000000000
696.0000000000
697.0000000000
446.0000000000
458.0000000000
507.0000000000
525.0000000000
608.0000000000
499.0000000000
361.0000000000
691.0000000000
505.0000000000
676.0000000000
648.0000000000
531.0000000000
638.0000000000
634.0000000000
546.0000000000
562.0000000000
646.0000000000
481.0000000000
688.0000000000
673.0000000000
623.0000000000
700.0000000000
697.0000000000
550.0000000000
535.0000000000
518.0000000000
675.0000000000
449.0000000000
536.0000000000
538.0000000000
531.0000000000
486.0000000000
581.0000000000
681.0000000000
469.0000000000
406.0000000000
654.0000000000
512.0000000000
638.0000000000
625.0000000000
699.0000000000
590.0000000000
579.0000000000
521.0000000000
377.0000000000
410.0000000000
417.0000000000
699.0000000000
595.0000000000
672.0000000000
588.0000000000
687.0000000000
636.0000000000
468.0000000000
445.0000000000
367.0000000000
445.0000000000
690.0000000000
613.0000000000
430.0000000000
642.0000000000
515.0000000000
666.0000000000
519.0000000000
695.0000000000
458.0000000000
596.0000000000
518.0000000000
507.0000000000
662.0000000000
485.0000000000
567.0000000000
