471.0000000000
502.0000000000
578.0000000000
458.0000000000
428.0000000000
518.0000000000
511.0000000000
503.0000000000
502.0000000000
616.0000000000
494.0000000000
544.0000000000
482.0000000000
610.0000000000
511.0000000000
503.0000000000
526.0000000000
515.0000000000
442.0000000000
388.0000000000
576.0000000000
585.0000000000
508.0000000000
462.0000000000
454.0000000000
534.0000000000
416.0000000000
424.0000000000
362.0000000000
506.0000000000
532.0000000000
532.0000000000
621.0000000000
482.0000000000
513.0000000000
387.0000000000
514.0000000000
475.0000000000
509.0000000000
436.0000000000
610.0000000000
510.0000000000
582.0000000000
533.0000000000
553.0000000000
679.0000000000
512.0000000000
407.0000000000
394.0000000000
487.0000000000
446.0000000000
409.0000000000
385.0000000000
438.0000000000
