694.0000000000
558.0000000000
670.0000000000
578.0000000000
672.0000000000
692.0000000000
698.0000000000
528.0000000000
634.0000000000
684.0000000000
422.0000000000
414.0000000000
576.0000000000
684.0000000000
662.0000000000
660.0000000000
627.0000000000
610.0000000000
652.0000000000
576.0000000000
470.0000000000
641.0000000000
695.0000000000
655.0000000000
553.0000000000
408.0000000000
480.0000000000
480.0000000000
592.0000000000
687.0000000000
689.0000000000
409.0000000000
575.0000000000
608.0000000000
473.0000000000
506.0000000000
550.0000000000
601.0000000000
477.0000000000
700.0000000000
684.0000000000
629.0000000000
492.0000000000
473.0000000000
