0.953168
0.571594
0.792725
0.493583
0.912078
0.898362
0.824428
0.619285
0.811092
0.871269
0.449294
0.716847
0.368423
0.766861
0.521821
0.231016
0.089465
0.790219
0.839070
0.492019
0.386315
0.907573
0.598793
0.909940
0.681482
0.976021
0.601752
0.906749
0.848023
0.803841
0.629227
0.973154
0.687748
0.448209
0.378295
0.804031
0.374972
0.928105
0.435823
0.435030
0.939644
0.224283
0.449678
0.844442
0.780326
0.960011
0.284219
0.431803
0.963582
0.704543
0.851002
0.605191
0.581079
0.808349
0.853508
0.907891
0.674587
0.900688
0.292792
0.596023
0.944667
0.920303
0.497651
0.527154
0.701260
0.899087
0.283701
0.897870
0.647492
0.713305
0.216441
0.303760
0.482284
0.423909
0.576151
0.304935
0.227764

